1966  11  34943905
1966  12  43004840
1967  01  48517313
1967  02  47431583
1967  03  42977055
1967  04  33111782
1967  05  22794380
1967  06  14367907
1967  07  8209985
1967  08  5308387
1967  09  5868905
1967  10  17572431
1967  11  34512366
1967  12  44067181
1968  01  46289100
1968  02  43739611
1968  03  37626842
1968  04  28000884
1968  05  16393466
1968  06  7952961
1968  08  2088745
1968  09  3940154
1968  10  19773553
1968  11  35484245
1968  12  43768925
1969  01  47725084
1969  02  48232062
1969  03  41880619
1969  04  30448763
1969  05  18905911
1969  11  34168824
1969  12  43345810
1970  01  48258882
1970  02  44909506
1970  03  41999112
1970  04  33810900
1970  05  21327170
1970  06  12511446
1970  07  4937760
1970  08  2999106
1970  09  4790419
1970  10  21838525
1970  11  35509706
1970  12  46117929
1971  01  47410782
1971  02  46236616
1971  03  44066124
1971  04  31246246
1971  05  19961577
1971  06  9975345
1971  10  21529810
1971  11  34165956
1971  12  44124200
1972  01  47309234
1972  02  48885932
1972  03  40888616
1972  04  31543531
1972  05  19758867
1972  06  11174867
1972  07  5022533
1972  08  4435922
1972  09  7762019
1972  10  21523013
1972  11  35873773
1972  12  44802621
1973  01  46248327
1973  02  46615419
1973  03  40306435
1973  04  31386037
1973  05  21181442
1973  06  12105521
1973  07  5287337
1973  08  3694707
1973  09  5681795
1973  10  17957272
1973  11  37323442
1973  12  44285897
1974  01  46053717
1974  02  45333606
1974  03  39465491
1974  04  30926141
1974  05  23093156
1974  06  11637293
1974  07  4713370
1974  08  3479608
1974  09  4011574
1974  10  19005517
1974  11  30491381
1974  12  39493228
1975  01  44948833
1975  02  44944562
1975  03  41269190
1975  04  31674417
1975  05  19897687
1975  06  11079061
1975  07  4599335
1975  08  3086043
1975  09  5270238
1975  10  16781140
1975  11  30807035
1975  12  42452481
1976  01  45675463
1976  02  45234435
1976  03  41445021
1976  04  30057899
1976  05  22475148
1976  06  13893683
1976  07  5709484
1976  08  3347234
1976  09  5179984
1976  10  25724453
1976  11  34636193
1976  12  42267907
1977  01  48997486
1977  02  44391418
1977  03  40054669
1977  04  30939797
1977  05  20143783
1977  06  11760006
1977  07  5434611
1977  08  3496096
1977  09  7385035
1977  10  19056533
1977  11  31588443
1977  12  44974193
1978  01  49721869
1978  02  51320433
1978  03  43757993
1978  04  30198404
1978  05  22092903
1978  06  14971615
1978  07  6883573
1978  08  4770379
1978  09  6116437
1978  10  17955494
1978  11  31581854
1978  12  43912093
1979  01  49414773
1979  02  47677543
1979  03  43722687
1979  04  34605651
1979  05  22822699
1979  06  12152007
1979  07  5931380
1979  08  4150055
1979  09  5449468
1979  10  14680893
1979  11  28279235
1979  12  37868518
1980  01  45906098
1980  02  48503076
1980  03  42769441
1980  04  33566498
1980  05  20569385
1980  06  10900308
1980  07  5404360
1980  08  4233282
1980  09  4919381
1980  10  13609863
1980  11  31278962
1980  12  37440756
1981  01  41890246
1981  02  43716147
1981  03  42654517
1981  04  33618227
1981  05  22482076
1981  06  13419998
1981  07  5797739
1981  08  4560544
1981  09  4540126
1981  10  16751894
1981  11  33575352
1981  12  43738194
1982  01  48248582
1982  02  46269839
1982  03  40688446
1982  04  31763875
1982  05  18913061
1982  06  9080008
1982  07  3290677
1982  08  3048586
1982  09  5390048
1982  10  17426368
1982  11  33705434
1982  12  42986952
1983  01  46509928
1983  02  46808602
1983  03  40410453
1983  04  30119103
1983  05  20972793
1983  06  10352359
1983  07  4267052
1983  08  3142210
1983  09  5110738
1983  10  17169357
1983  11  32631910
1983  12  44404643
1984  01  46519879
1984  02  45121621
1984  03  41123339
1984  04  30618434
1984  05  18508663
1984  06  8452138
1984  07  3390309
1984  08  2517644
1984  09  3920014
1984  10  17440179
1984  11  33398513
1984  12  42326315
1985  01  50177375
1985  02  48520071
1985  03  44282014
1985  04  32683448
1985  05  22511832
1985  06  13409966
1985  07  4944182
1985  08  2989913
1985  09  4545997
1985  10  17450742
1985  11  37903069
1985  12  46247301
1986  01  46377047
1986  02  47921750
1986  03  39930729
1986  04  30372456
1986  05  20493007
1986  06  11029939
1986  07  4274998
1986  08  2999969
1986  09  6507621
1986  10  17436103
1986  11  33915919
1986  12  41892096
1987  01  47774666
1987  02  45743013
1987  03  43626938
1987  04  31030792
1987  05  18569114
1987  06  12155353
1987  07  5181565
1987  08  2736091
1987  09  5184292
1987  10  13347004
1987  11  32138212
1987  12  42510317
1988  01  47394294
1988  02  45418324
1988  03  39872664
1988  04  29041036
1988  05  18824880
1988  06  8057937
1988  07  3348678
1988  08  2314353
1988  09  4053684
1988  10  12780834
1988  11  31589381
1988  12  41313038
1989  01  45885856
1989  02  44230167
1989  03  38572869
1989  04  30042422
1989  05  18055332
1989  06  9185922
1989  07  4011740
1989  08  2413212
1989  09  5740413
1989  10  16684927
1989  11  32817690
1989  12  44959756
1990  01  45672660
1990  02  43510820
1990  03  37122145
1990  04  28120319
1990  05  17040199
1990  06  7170601
1990  07  2973446
1990  08  2382717
1990  09  3838303
1990  10  15248507
1990  11  30210775
1990  12  44214439
1991  01  46244867
1991  02  45587194
1991  03  39452672
1991  04  28572965
1991  05  18878492
1991  06  10640317
1991  07  3394022
1991  08  3017041
1991  09  4206690
1991  10  15579561
1991  11  34351636
1991  12  43025456
1992  01  46218447
1992  02  43534184
1992  03  38535901
1992  04  28817687
1992  05  18910025
1992  06  10261077
1992  07  3594345
1992  08  2437486
1992  09  5792103
1992  10  16775895
1992  11  34051455
1992  12  45726228
1993  01  46878884
1993  02  45272962
1993  03  39777053
1993  04  28379107
1993  05  18622355
1993  06  7913212
1993  07  3332444
1993  08  2629501
1993  09  5376730
1993  10  18219143
1993  11  38596997
1993  12  44033476
1994  01  45269132
1994  02  45922760
1994  03  39403453
1994  04  29754790
1994  05  18680435
1994  06  8996950
1994  07  3276684
1994  08  2713704
1994  09  4868449
1994  10  14231831
1994  11  33607826
1994  12  43581964
1995  01  46127759
1995  02  42667292
1995  03  38249182
1995  04  32947428
1995  05  19300981
1995  06  9481469
1995  07  3970573
1995  08  3534687
1995  09  6256272
1995  10  17535070
1995  11  35040938
1995  12  44112927
1996  01  46925730
1996  02  45029815
1996  03  41855000
1996  04  33117955
1996  05  20735760
1996  06  11254858
1996  07  3962738
1996  08  2599440
1996  09  6591240
1996  10  19142141
1996  11  35246953
1996  12  41955060
1997  01  46755855
1997  02  45581751
1997  03  39022784
1997  04  30990489
1997  05  19969956
1997  06  10106406
1997  07  4344839
1997  08  3633900
1997  09  6861245
1997  10  17541816
1997  11  34454258
1997  12  44285750
1998  01  46084579
1998  02  44771166
1998  03  41345561
1998  04  30877317
1998  05  18827111
1998  06  9481227
1998  07  3930605
1998  08  3140550
1998  09  5959671
1998  10  19375661
1998  11  33975331
1998  12  43727399
1999  01  44692425
1999  02  43849528
1999  03  39669116
1999  04  29676116
1999  05  18919422
1999  06  8698273
1999  07  3429649
1999  08  2612153
1999  09  5010451
1999  10  17553498
1999  11  34054247
1999  12  42991531
2000  01  47611637
2000  02  45538636
2000  03  39592935
2000  04  29445984
2000  05  19346028
2000  06  9719045
2000  07  3554280
2000  08  2857861
2000  09  6445269
2000  10  18502574
2000  11  35106448
2000  12  44373768
2001  01  47045962
2001  02  45495994
2001  03  40520322
2001  04  29618081
2001  05  17774821
2001  06  8746299
2001  07  3510127
2001  08  2652456
2001  09  5904491
2001  10  19060357
2001  11  31863524
2001  12  45227527
2002  01  46925881
2002  02  42928068
2002  03  37619367
2002  04  30537329
2002  05  19492407
2002  06  9225007
2002  07  3406817
2002  08  2858810
2002  09  5915532
2002  10  23236577
2002  11  35596931
2002  12  45868299
2003  01  48006789
2003  02  48541344
2003  03  41680982
2003  04  31431482
2003  05  20130156
2003  06  10250228
2003  07  3381184
2003  08  2764717
2003  09  5108965
2003  10  18211978
2003  11  35618298
2003  12  43261669
2004  01  48080812
2004  02  45482944
2004  03  38699972
2004  04  29449673
2004  05  20267474
2004  06  9755416
2004  07  3688738
2004  08  2540369
2004  09  5182424
2004  10  19689788
2004  11  34120380
2004  12  44366509
2005  01  46560475
2005  02  47636512
2005  03  41078403
2005  04  29512748
2005  05  17432838
2005  06  9065550
2005  07  3551235
2005  08  2609795
2005  09  4939175
2005  10  16768192
2005  11  32035037
2005  12  44516464
2006  01  48006523
2006  02  46033473
2006  03  40977259
2006  04  30133356
2006  05  18547156
2006  06  8406152
2006  07  3484955
2006  08  2587056
2006  09  4443901
2006  10  20354807
2006  11  34213562
2006  12  42274306
2007  01  45365619
2007  02  45295308
2007  03  39418587
2007  04  28324244
2007  05  17302117
2007  06  8377422
2007  07  3000064
2007  08  2345819
2007  09  4298819
2007  10  16204278
2007  11  33218580
2007  12  44589422
2008  01  50275400
2008  02  47412530
2008  03  37853426
2008  04  29293541
2008  05  17460010
2008  06  6688057
2008  07  2485836
2008  08  2574690
2008  09  5318258
2008  10  16629579
2008  11  32528552
2008  12  43988300
2009  01  47601480
2009  02  44928653
2009  03  39713994
2009  04  29524924
2009  05  18223937
2009  06  7126072
2009  07  2673031
2009  08  2323542
2009  09  4322548
2009  10  21010794
2009  11  34774217
2009  12  46452083
2010  01  48836749
2010  02  49046518
2010  03  41139173
2010  04  28639365
2010  05  15377217
2010  06  6018675
2010  07  2509554
2010  08  2359174
2010  09  5406257
2010  10  18970088
2010  11  34406125
2010  12  46474799
2011  01  49103823
2011  02  48084914
2011  03  42626340
2011  04  29929541
2011  05  16796016
2011  06  6045325
2011  07  2467234
2011  08  2241236
2011  09  5205906
2011  10  17341420
2011  11  36931644
2011  12  43299145
2012  01  47469920
2012  02  48331249
2012  03  40740745
2012  04  28267649
2012  05  16136096
2012  06  4921652
2012  07  2325009
2012  08  2315425
2012  09  4312972
2012  10  20137612
2012  11  36535258
2012  12  46846123
2013  01  49215341
2013  02  46997753
2013  03  41677311
2013  04  32589547
2013  05  16281543
2013  06  6013748
2013  07  3017773
2013  08  2877020
2013  09  6492084
2013  10  21008520
2013  11  34764635
2013  12  45274044
2014  01  46033313
2014  02  46806073
2014  03  38413171
2014  04  28554790
2014  05  17011099
2014  06  6798451
2014  07  2873294
2014  08  2587699
2014  09  7241419
2014  10  22876152
2014  11  36568639
2014  12  43648137
2015  01  47324806
2015  02  44987829
2015  03  38460122
2015  04  30089762
2015  05  17002073
2015  06  5430431
2015  07  2519625
2015  08  2575967
2015  09  5871088
2015  10  21399868
2015  11  36245524
2015  12  43480240
2016  01  48799894
2016  02  43509032
2016  03  37164511
2016  04  27914089
2016  05  16342912
2016  06  5579962
2016  07  2553512
2016  08  2625503
2016  09  5727939
2016  10  22954517
2016  11  36927070
2016  12  45396105
2017  01  49184164
2017  02  45964078
2017  03  40067235
2017  04  31168964
2017  05  20734379
2017  06  9273804
2017  07  3453640
2017  08  2914898
2017  09  6151067
2017  10  21166942
2017  11  35974810
2017  12  43569404
2018  01  46930123
2018  02  46293160
2018  03  41825151
2018  04  32059447
2018  05  18258591
2018  06  7837764
2018  07  3007503
2018  08  2732578
2018  09  6365338
2018  10  20057853
2018  11  37773625
2018  12  44546889
2019  01  47239378
2019  02  46025445
2019  03  39479635
2019  04  29059873
2019  05  17063208
2019  06  5936217
2019  07  2612904
2019  08  2507846
2019  09  5144589
2019  10  22255876
2019  11  37060191
2019  12  43468543
2020  01  46375240
2020  02  43476597
2020  03  37713763
2020  04  29136752
2020  05  16658616
2020  06  5960960
2020  07  2405914
2020  08  2291764
2020  09  4504502
2020  10  21219850
2020  11  35972698
2020  12  43698825
2021  01  46769299
2021  02  46089514
2021  03  38609181
2021  04  28840525
2021  05  16208538
2021  06  6172474
2021  07  2812160
2021  08  2540033
2021  09  5585195
2021  10  18137454
2021  11  35448095
2021  12  44512782
2022  01  47287711
2022  02  45776850
2022  03  40037364
2022  04  30856243
2022  05  17955027
2022  06  5509466
2022  07  2669503
2022  08  2445212
2022  09  5930433
2022  10  18660476
2022  11  37745422
2022  12  43559834
2023  01  46265979
2023  02  45526308
2023  03  39255995
2023  04  30266066
2023  05  16742029
2023  06  5962226
2023  07  2806415
2023  08  2567368
2023  09  5353861
2023  10  18732519
2023  11  35586043
2023  12  42472548
2024  01  46886400
2024  02  43838833
2024  03  38369222
2024  04  27814485
2024  05  17133563
2024  06  6585560
2024  07  2754783
2024  08  2609918
2024  09  4938211
2024  10  18883733
2024  11  34319511
2024  12  42735811
2025  01  45017589
2025  02  45476874
2025  03  37929774
2025  04  27808856
2025  05  17256029
2025  06  6563500
2025  07  2892993
2025  08  2907142
2025  09  5737535
2025  10  17997424
2025  11  33119288
2025  12  41875221
2026  01  46924814
2026  02  43312242
2026  03  37803348
